     0 5
     1 17
     2 29
     3 41
     4 53
     5 65
     6 77
     7 89
     8 101
     9 113
    10 125
    11 137
    12 149
    13 161
    14 173
    15 185
    16 197
    17 209
    18 221
    19 233
    20 245
    21 257
    22 269
    23 281
    24 293
    25 305
    26 317
    27 329
    28 341
    29 353
    30 365
    31 377
    32 389
    33 401
    34 413
    35 425
    36 437
    37 449
    38 461
    39 473
    40 485
    41 497
    42 509
    43 521
    44 533
    45 545
    46 557
    47 569
    48 581
    49 593
    50 605
    51 617
    52 629
    53 641
    54 653
    55 665
    56 677
    57 689
    58 701
    59 713
    60 725
    61 737
    62 749
    63 761
    64 773
    65 785
    66 797
    67 809
    68 821
    69 833
    70 845
    71 857
    72 869
    73 881
    74 893
    75 905
    76 917
    77 929
    78 941
    79 953
    80 965
    81 977
    82 989
    83 1001
    84 1013
    85 1025
    86 1037
    87 1049
    88 1061
    89 1073
    90 1085
    91 1097
    92 1109
    93 1121
    94 1133
    95 1145
    96 1157
    97 1169
    98 1181
    99 1193
   100 1205
   101 1217
   102 1229
   103 1241
   104 1253
   105 1265
   106 1277
   107 1289
   108 1301
   109 1313
   110 1325
   111 1337
   112 1349
   113 1361
   114 1373
   115 1385
   116 1397
   117 1409
   118 1421
   119 1433
   120 1445
   121 1457
   122 1469
   123 1481
   124 1493
   125 1505
   126 1517
   127 1529
   128 1541
   129 1553
   130 1565
   131 1577
   132 1589
   133 1601
   134 1613
   135 1625
   136 1637
   137 1649
   138 1661
   139 1673
   140 1685
   141 1697
   142 1709
   143 1721
   144 1733
   145 1745
   146 1757
   147 1769
   148 1781
   149 1793
   150 1805
   151 1817
   152 1829
   153 1841
   154 1853
   155 1865
   156 1877
   157 1889
   158 1901
   159 1913
   160 1925
   161 1937
   162 1949
   163 1961
   164 1973
   165 1985
   166 1997
   167 2009
   168 2021
   169 2033
   170 2045
   171 2057
   172 2069
   173 2081
   174 2093
   175 2105
   176 2117
   177 2129
   178 2141
   179 2153
   180 2165
   181 2177
   182 2189
   183 2201
   184 2213
   185 2225
   186 2237
   187 2249
   188 2261
   189 2273
   190 2285
   191 2297
   192 2309
   193 2321
   194 2333
   195 2345
   196 2357
   197 2369
   198 2381
   199 2393
   200 2405
   201 2417
   202 2429
   203 2441
   204 2453
   205 2465
   206 2477
   207 2489
   208 2501
   209 2513
   210 2525
   211 2537
   212 2549
   213 2561
   214 2573
   215 2585
   216 2597
   217 2609
   218 2621
   219 2633
   220 2645
   221 2657
   222 2669
   223 2681
   224 2693
   225 2705
   226 2717
   227 2729
   228 2741
   229 2753
   230 2765
   231 2777
   232 2789
   233 2801
   234 2813
   235 2825
   236 2837
   237 2849
   238 2861
   239 2873
   240 2885
   241 2897
   242 2909
   243 2921
   244 2933
   245 2945
   246 2957
   247 2969
   248 2981
   249 2993
   250 3005
   251 3017
   252 3029
   253 3041
   254 3053
   255 3060
