0 0
1 1
2 1
3 1
4 151
5 151
6 152
7 153
8 154
9 155
10 156
11 157
12 159
13 160
14 162
15 163
16 165
17 167
18 169
19 171
20 174
21 176
22 179
23 181
24 184
25 187
26 190
27 193
28 196
29 200
30 203
31 207
32 211
33 215
34 219
35 223
36 227
37 231
38 236
39 240
40 245
41 250
42 255
43 260
44 265
45 271
46 276
47 282
48 287
49 293
50 299
51 305
52 311
53 318
54 324
55 331
56 337
57 344
58 351
59 358
60 365
61 373
62 380
63 387
64 395
65 403
66 411
67 419
68 427
69 435
70 444
71 452
72 461
73 469
74 478
75 487
76 496
77 506
78 515
79 524
80 534
81 544
82 553
83 563
84 573
85 584
86 594
87 604
88 615
89 626
90 636
91 647
92 658
93 670
94 681
95 692
96 704
97 715
98 727
99 739
100 751
101 763
102 776
103 788
104 800
105 813
106 826
107 839
108 852
109 865
110 878
111 891
112 905
113 918
114 932
115 946
116 960
117 974
118 988
119 1002
120 1017
121 1031
122 1046
123 1061
124 1076
125 1091
126 1106
127 1121
128 1137
129 1152
130 1168
131 1184
132 1200
133 1216
134 1232
135 1248
136 1264
137 1281
138 1298
139 1314
140 1331
141 1348
142 1365
143 1382
144 1400
145 1417
146 1435
147 1453
148 1470
149 1488
150 1506
151 1525
152 1543
153 1561
154 1580
155 1599
156 1617
157 1636
158 1655
159 1675
160 1694
161 1713
162 1733
163 1753
164 1772
165 1792
166 1812
167 1832
168 1853
169 1873
170 1894
171 1914
172 1935
173 1956
174 1977
175 1998
176 2019
177 2040
178 2062
179 2084
180 2105
181 2127
182 2149
183 2171
184 2193
185 2216
186 2238
187 2261
188 2283
189 2306
190 2329
191 2352
192 2375
193 2399
194 2422
195 2446
196 2469
197 2493
198 2517
199 2541
200 2565
201 2589
202 2614
203 2638
204 2663
205 2688
206 2713
207 2738
208 2763
209 2788
210 2813
211 2839
212 2864
213 2890
214 2916
215 2942
216 2968
217 2994
218 3021
219 3047
220 3074
221 3100
222 3127
223 3154
224 3181
225 3208
226 3236
227 3263
228 3290
229 3318
230 3346
231 3374
232 3402
233 3430
234 3458
235 3487
236 3515
237 3544
238 3573
239 3601
240 3630
241 3660
242 3689
243 3718
244 3748
245 3777
246 3807
247 3837
248 3867
249 3897
250 3927
251 3957
252 3988
253 4019
254 4049
255 4080
