     0 5
     1 16
     2 27
     3 38
     4 49
     5 60
     6 71
     7 82
     8 93
     9 104
    10 115
    11 126
    12 137
    13 148
    14 159
    15 170
    16 181
    17 192
    18 203
    19 214
    20 225
    21 236
    22 247
    23 258
    24 269
    25 280
    26 291
    27 302
    28 313
    29 324
    30 335
    31 346
    32 357
    33 368
    34 379
    35 390
    36 401
    37 412
    38 423
    39 434
    40 445
    41 456
    42 467
    43 478
    44 489
    45 500
    46 511
    47 522
    48 533
    49 544
    50 555
    51 566
    52 577
    53 588
    54 599
    55 610
    56 621
    57 632
    58 643
    59 654
    60 665
    61 676
    62 687
    63 698
    64 709
    65 720
    66 731
    67 742
    68 753
    69 764
    70 775
    71 786
    72 797
    73 808
    74 819
    75 830
    76 841
    77 852
    78 863
    79 874
    80 885
    81 896
    82 907
    83 918
    84 929
    85 940
    86 951
    87 962
    88 973
    89 984
    90 995
    91 1006
    92 1017
    93 1028
    94 1039
    95 1050
    96 1061
    97 1072
    98 1083
    99 1094
   100 1105
   101 1116
   102 1127
   103 1138
   104 1149
   105 1160
   106 1171
   107 1182
   108 1193
   109 1204
   110 1215
   111 1226
   112 1237
   113 1248
   114 1259
   115 1270
   116 1281
   117 1292
   118 1303
   119 1314
   120 1325
   121 1336
   122 1347
   123 1358
   124 1369
   125 1380
   126 1391
   127 1402
   128 1413
   129 1424
   130 1435
   131 1446
   132 1457
   133 1468
   134 1479
   135 1490
   136 1501
   137 1512
   138 1523
   139 1534
   140 1545
   141 1556
   142 1567
   143 1578
   144 1589
   145 1600
   146 1611
   147 1622
   148 1633
   149 1644
   150 1655
   151 1666
   152 1677
   153 1688
   154 1699
   155 1710
   156 1721
   157 1732
   158 1743
   159 1754
   160 1765
   161 1776
   162 1787
   163 1798
   164 1809
   165 1820
   166 1831
   167 1842
   168 1853
   169 1864
   170 1875
   171 1886
   172 1897
   173 1908
   174 1919
   175 1930
   176 1941
   177 1952
   178 1963
   179 1974
   180 1985
   181 1996
   182 2007
   183 2018
   184 2029
   185 2040
   186 2051
   187 2062
   188 2073
   189 2084
   190 2095
   191 2106
   192 2117
   193 2128
   194 2139
   195 2150
   196 2161
   197 2172
   198 2183
   199 2194
   200 2205
   201 2216
   202 2227
   203 2238
   204 2249
   205 2260
   206 2271
   207 2282
   208 2293
   209 2304
   210 2315
   211 2326
   212 2337
   213 2348
   214 2359
   215 2370
   216 2381
   217 2392
   218 2403
   219 2414
   220 2425
   221 2436
   222 2447
   223 2458
   224 2469
   225 2480
   226 2491
   227 2502
   228 2513
   229 2524
   230 2535
   231 2546
   232 2557
   233 2568
   234 2579
   235 2590
   236 2601
   237 2612
   238 2623
   239 2634
   240 2645
   241 2656
   242 2667
   243 2678
   244 2689
   245 2700
   246 2711
   247 2722
   248 2733
   249 2744
   250 2755
   251 2766
   252 2777
   253 2788
   254 2799
   255 2805
