0 0
1 24
2 40
3 56
4 72
5 88
6 104
7 120
8 136
9 152
10 168
11 184
12 200
13 216
14 232
15 248
16 264
17 280
18 296
19 312
20 328
21 344
22 360
23 376
24 392
25 408
26 424
27 440
28 456
29 472
30 488
31 504
32 520
33 536
34 552
35 568
36 584
37 600
38 616
39 632
40 648
41 664
42 680
43 696
44 712
45 728
46 744
47 760
48 776
49 792
50 808
51 824
52 840
53 856
54 872
55 888
56 904
57 920
58 936
59 952
60 968
61 984
62 1000
63 1016
64 1032
65 1048
66 1064
67 1080
68 1096
69 1112
70 1128
71 1144
72 1160
73 1176
74 1192
75 1208
76 1224
77 1240
78 1256
79 1272
80 1288
81 1304
82 1320
83 1336
84 1352
85 1368
86 1384
87 1400
88 1416
89 1432
90 1448
91 1464
92 1480
93 1496
94 1512
95 1528
96 1544
97 1560
98 1576
99 1592
100 1608
101 1624
102 1640
103 1656
104 1672
105 1688
106 1704
107 1720
108 1736
109 1752
110 1768
111 1784
112 1800
113 1816
114 1832
115 1848
116 1864
117 1880
118 1896
119 1912
120 1928
121 1944
122 1960
123 1976
124 1992
125 2008
126 2024
127 2040
128 2056
129 2072
130 2088
131 2104
132 2120
133 2136
134 2152
135 2168
136 2184
137 2200
138 2216
139 2232
140 2248
141 2264
142 2280
143 2296
144 2312
145 2328
146 2344
147 2360
148 2376
149 2392
150 2408
151 2424
152 2440
153 2456
154 2472
155 2488
156 2504
157 2520
158 2536
159 2552
160 2568
161 2584
162 2600
163 2616
164 2632
165 2648
166 2664
167 2680
168 2696
169 2712
170 2728
171 2744
172 2760
173 2776
174 2792
175 2808
176 2824
177 2840
178 2856
179 2872
180 2888
181 2904
182 2920
183 2936
184 2952
185 2968
186 2984
187 3000
188 3016
189 3032
190 3048
191 3064
192 3080
193 3096
194 3112
195 3128
196 3144
197 3160
198 3176
199 3192
200 3208
201 3224
202 3240
203 3256
204 3272
205 3288
206 3304
207 3320
208 3336
209 3352
210 3368
211 3384
212 3400
213 3416
214 3432
215 3448
216 3464
217 3480
218 3496
219 3512
220 3528
221 3544
222 3560
223 3576
224 3592
225 3608
226 3624
227 3640
228 3656
229 3672
230 3688
231 3704
232 3720
233 3736
234 3752
235 3768
236 3784
237 3800
238 3816
239 3832
240 3848
241 3864
242 3880
243 3896
244 3912
245 3928
246 3944
247 3960
248 3976
249 3992
250 4008
251 4024
252 4040
253 4056
254 4072
255 4088
