0 0
1 1
2 127
3 131
4 135
5 140
6 144
7 149
8 153
9 158
10 163
11 168
12 173
13 178
14 183
15 188
16 193
17 199
18 204
19 210
20 215
21 221
22 227
23 233
24 239
25 245
26 251
27 257
28 263
29 269
30 276
31 282
32 289
33 296
34 302
35 309
36 316
37 323
38 330
39 337
40 345
41 352
42 359
43 367
44 374
45 382
46 390
47 398
48 406
49 414
50 422
51 430
52 438
53 447
54 455
55 464
56 472
57 481
58 490
59 499
60 508
61 517
62 526
63 535
64 544
65 554
66 563
67 573
68 582
69 592
70 602
71 612
72 622
73 632
74 642
75 653
76 663
77 674
78 684
79 695
80 705
81 716
82 727
83 738
84 749
85 761
86 772
87 783
88 795
89 806
90 818
91 830
92 841
93 853
94 865
95 877
96 890
97 902
98 914
99 927
100 939
101 952
102 965
103 978
104 990
105 1004
106 1017
107 1030
108 1043
109 1057
110 1070
111 1084
112 1097
113 1111
114 1125
115 1139
116 1153
117 1167
118 1181
119 1196
120 1210
121 1225
122 1239
123 1254
124 1269
125 1284
126 1299
127 1314
128 1329
129 1344
130 1360
131 1375
132 1391
133 1406
134 1422
135 1438
136 1454
137 1470
138 1486
139 1502
140 1519
141 1535
142 1552
143 1568
144 1585
145 1602
146 1619
147 1636
148 1653
149 1670
150 1687
151 1705
152 1722
153 1740
154 1758
155 1775
156 1793
157 1811
158 1829
159 1848
160 1866
161 1884
162 1903
163 1921
164 1940
165 1959
166 1978
167 1997
168 2016
169 2035
170 2054
171 2074
172 2093
173 2113
174 2132
175 2152
176 2172
177 2192
178 2212
179 2232
180 2252
181 2273
182 2293
183 2314
184 2335
185 2355
186 2376
187 2397
188 2418
189 2439
190 2461
191 2482
192 2504
193 2525
194 2547
195 2569
196 2590
197 2612
198 2634
199 2657
200 2679
201 2701
202 2724
203 2746
204 2769
205 2792
206 2815
207 2838
208 2861
209 2884
210 2907
211 2931
212 2954
213 2978
214 3002
215 3025
216 3049
217 3073
218 3098
219 3122
220 3146
221 3171
222 3195
223 3220
224 3244
225 3269
226 3294
227 3319
228 3345
229 3370
230 3395
231 3421
232 3446
233 3472
234 3498
235 3524
236 3550
237 3576
238 3602
239 3628
240 3655
241 3681
242 3708
243 3734
244 3761
245 3788
246 3815
247 3842
248 3870
249 3897
250 3924
251 3952
252 3980
253 4007
254 4035
255 4095
