     0 1
     1 5
     2 9
     3 13
     4 17
     5 21
     6 25
     7 29
     8 33
     9 37
    10 41
    11 45
    12 49
    13 53
    14 57
    15 61
    16 65
    17 69
    18 73
    19 77
    20 81
    21 85
    22 89
    23 93
    24 97
    25 101
    26 105
    27 109
    28 113
    29 117
    30 121
    31 125
    32 129
    33 133
    34 137
    35 141
    36 145
    37 149
    38 153
    39 157
    40 161
    41 165
    42 169
    43 173
    44 177
    45 181
    46 185
    47 189
    48 193
    49 197
    50 201
    51 205
    52 209
    53 213
    54 217
    55 221
    56 225
    57 229
    58 233
    59 237
    60 241
    61 245
    62 249
    63 253
    64 257
    65 261
    66 265
    67 269
    68 273
    69 277
    70 281
    71 285
    72 289
    73 293
    74 297
    75 301
    76 305
    77 309
    78 313
    79 317
    80 321
    81 325
    82 329
    83 333
    84 337
    85 341
    86 345
    87 349
    88 353
    89 357
    90 361
    91 365
    92 369
    93 373
    94 377
    95 381
    96 385
    97 389
    98 393
    99 397
   100 401
   101 405
   102 409
   103 413
   104 417
   105 421
   106 425
   107 429
   108 433
   109 437
   110 441
   111 445
   112 449
   113 453
   114 457
   115 461
   116 465
   117 469
   118 473
   119 477
   120 481
   121 485
   122 489
   123 493
   124 497
   125 501
   126 505
   127 509
   128 513
   129 517
   130 521
   131 525
   132 529
   133 533
   134 537
   135 541
   136 545
   137 549
   138 553
   139 557
   140 561
   141 565
   142 569
   143 573
   144 577
   145 581
   146 585
   147 589
   148 593
   149 597
   150 601
   151 605
   152 609
   153 613
   154 617
   155 621
   156 625
   157 629
   158 633
   159 637
   160 641
   161 645
   162 649
   163 653
   164 657
   165 661
   166 665
   167 669
   168 673
   169 677
   170 681
   171 685
   172 689
   173 693
   174 697
   175 701
   176 705
   177 709
   178 713
   179 717
   180 721
   181 725
   182 729
   183 733
   184 737
   185 741
   186 745
   187 749
   188 753
   189 757
   190 761
   191 765
   192 769
   193 773
   194 777
   195 781
   196 785
   197 789
   198 793
   199 797
   200 801
   201 805
   202 809
   203 813
   204 817
   205 821
   206 825
   207 829
   208 833
   209 837
   210 841
   211 845
   212 849
   213 853
   214 857
   215 861
   216 865
   217 869
   218 873
   219 877
   220 881
   221 885
   222 889
   223 893
   224 897
   225 901
   226 905
   227 909
   228 913
   229 917
   230 921
   231 925
   232 929
   233 933
   234 937
   235 941
   236 945
   237 949
   238 953
   239 957
   240 961
   241 965
   242 969
   243 973
   244 977
   245 981
   246 985
   247 989
   248 993
   249 997
   250 1001
   251 1005
   252 1009
   253 1013
   254 1017
   255 1020
