     0 2
     1 8
     2 14
     3 20
     4 26
     5 32
     6 38
     7 44
     8 50
     9 56
    10 62
    11 68
    12 74
    13 80
    14 86
    15 92
    16 98
    17 104
    18 110
    19 116
    20 122
    21 128
    22 134
    23 140
    24 146
    25 152
    26 158
    27 164
    28 170
    29 176
    30 182
    31 188
    32 194
    33 200
    34 206
    35 212
    36 218
    37 224
    38 230
    39 236
    40 242
    41 248
    42 254
    43 260
    44 266
    45 272
    46 278
    47 284
    48 290
    49 296
    50 302
    51 308
    52 314
    53 320
    54 326
    55 332
    56 338
    57 344
    58 350
    59 356
    60 362
    61 368
    62 374
    63 380
    64 386
    65 392
    66 398
    67 404
    68 410
    69 416
    70 422
    71 428
    72 434
    73 440
    74 446
    75 452
    76 458
    77 464
    78 470
    79 476
    80 482
    81 488
    82 494
    83 500
    84 506
    85 512
    86 518
    87 524
    88 530
    89 536
    90 542
    91 548
    92 554
    93 560
    94 566
    95 572
    96 578
    97 584
    98 590
    99 596
   100 602
   101 608
   102 614
   103 620
   104 626
   105 632
   106 638
   107 644
   108 650
   109 656
   110 662
   111 668
   112 674
   113 680
   114 686
   115 692
   116 698
   117 704
   118 710
   119 716
   120 722
   121 728
   122 734
   123 740
   124 746
   125 752
   126 758
   127 764
   128 770
   129 776
   130 782
   131 788
   132 794
   133 800
   134 806
   135 812
   136 818
   137 824
   138 830
   139 836
   140 842
   141 848
   142 854
   143 860
   144 866
   145 872
   146 878
   147 884
   148 890
   149 896
   150 902
   151 908
   152 914
   153 920
   154 926
   155 932
   156 938
   157 944
   158 950
   159 956
   160 962
   161 968
   162 974
   163 980
   164 986
   165 992
   166 998
   167 1004
   168 1010
   169 1016
   170 1022
   171 1028
   172 1034
   173 1040
   174 1046
   175 1052
   176 1058
   177 1064
   178 1070
   179 1076
   180 1082
   181 1088
   182 1094
   183 1100
   184 1106
   185 1112
   186 1118
   187 1124
   188 1130
   189 1136
   190 1142
   191 1148
   192 1154
   193 1160
   194 1166
   195 1172
   196 1178
   197 1184
   198 1190
   199 1196
   200 1202
   201 1208
   202 1214
   203 1220
   204 1226
   205 1232
   206 1238
   207 1244
   208 1250
   209 1256
   210 1262
   211 1268
   212 1274
   213 1280
   214 1286
   215 1292
   216 1298
   217 1304
   218 1310
   219 1316
   220 1322
   221 1328
   222 1334
   223 1340
   224 1346
   225 1352
   226 1358
   227 1364
   228 1370
   229 1376
   230 1382
   231 1388
   232 1394
   233 1400
   234 1406
   235 1412
   236 1418
   237 1424
   238 1430
   239 1436
   240 1442
   241 1448
   242 1454
   243 1460
   244 1466
   245 1472
   246 1478
   247 1484
   248 1490
   249 1496
   250 1502
   251 1508
   252 1514
   253 1520
   254 1526
   255 1530
