     0 7
     1 22
     2 37
     3 52
     4 67
     5 82
     6 97
     7 112
     8 127
     9 142
    10 157
    11 172
    12 187
    13 202
    14 217
    15 232
    16 247
    17 262
    18 277
    19 292
    20 307
    21 322
    22 337
    23 352
    24 367
    25 382
    26 397
    27 412
    28 427
    29 442
    30 457
    31 472
    32 487
    33 502
    34 517
    35 532
    36 547
    37 562
    38 577
    39 592
    40 607
    41 622
    42 637
    43 652
    44 667
    45 682
    46 697
    47 712
    48 727
    49 742
    50 757
    51 772
    52 787
    53 802
    54 817
    55 832
    56 847
    57 862
    58 877
    59 892
    60 907
    61 922
    62 937
    63 952
    64 967
    65 982
    66 997
    67 1012
    68 1027
    69 1042
    70 1057
    71 1072
    72 1087
    73 1102
    74 1117
    75 1132
    76 1147
    77 1162
    78 1177
    79 1192
    80 1207
    81 1222
    82 1237
    83 1252
    84 1267
    85 1282
    86 1297
    87 1312
    88 1327
    89 1342
    90 1357
    91 1372
    92 1387
    93 1402
    94 1417
    95 1432
    96 1447
    97 1462
    98 1477
    99 1492
   100 1507
   101 1522
   102 1537
   103 1552
   104 1567
   105 1582
   106 1597
   107 1612
   108 1627
   109 1642
   110 1657
   111 1672
   112 1687
   113 1702
   114 1717
   115 1732
   116 1747
   117 1762
   118 1777
   119 1792
   120 1807
   121 1822
   122 1837
   123 1852
   124 1867
   125 1882
   126 1897
   127 1912
   128 1927
   129 1942
   130 1957
   131 1972
   132 1987
   133 2002
   134 2017
   135 2032
   136 2047
   137 2062
   138 2077
   139 2092
   140 2107
   141 2122
   142 2137
   143 2152
   144 2167
   145 2182
   146 2197
   147 2212
   148 2227
   149 2242
   150 2257
   151 2272
   152 2287
   153 2302
   154 2317
   155 2332
   156 2347
   157 2362
   158 2377
   159 2392
   160 2407
   161 2422
   162 2437
   163 2452
   164 2467
   165 2482
   166 2497
   167 2512
   168 2527
   169 2542
   170 2557
   171 2572
   172 2587
   173 2602
   174 2617
   175 2632
   176 2647
   177 2662
   178 2677
   179 2692
   180 2707
   181 2722
   182 2737
   183 2752
   184 2767
   185 2782
   186 2797
   187 2812
   188 2827
   189 2842
   190 2857
   191 2872
   192 2887
   193 2902
   194 2917
   195 2932
   196 2947
   197 2962
   198 2977
   199 2992
   200 3007
   201 3022
   202 3037
   203 3052
   204 3067
   205 3082
   206 3097
   207 3112
   208 3127
   209 3142
   210 3157
   211 3172
   212 3187
   213 3202
   214 3217
   215 3232
   216 3247
   217 3262
   218 3277
   219 3292
   220 3307
   221 3322
   222 3337
   223 3352
   224 3367
   225 3382
   226 3397
   227 3412
   228 3427
   229 3442
   230 3457
   231 3472
   232 3487
   233 3502
   234 3517
   235 3532
   236 3547
   237 3562
   238 3577
   239 3592
   240 3607
   241 3622
   242 3637
   243 3652
   244 3667
   245 3682
   246 3697
   247 3712
   248 3727
   249 3742
   250 3757
   251 3772
   252 3787
   253 3802
   254 3817
   255 3825
