0 0
1 0
2 0
3 0
4 0
5 0
6 1
7 1
8 2
9 2
10 3
11 4
12 5
13 6
14 7
15 8
16 9
17 10
18 12
19 13
20 15
21 16
22 18
23 20
24 22
25 24
26 26
27 29
28 31
29 34
30 36
31 39
32 42
33 45
34 48
35 51
36 54
37 57
38 61
39 64
40 68
41 72
42 76
43 80
44 84
45 88
46 93
47 97
48 102
49 107
50 112
51 117
52 122
53 127
54 132
55 138
56 143
57 149
58 155
59 161
60 167
61 173
62 180
63 186
64 193
65 200
66 206
67 213
68 220
69 228
70 235
71 243
72 250
73 258
74 266
75 274
76 282
77 290
78 299
79 307
80 316
81 325
82 333
83 343
84 352
85 361
86 370
87 380
88 390
89 400
90 410
91 420
92 430
93 440
94 451
95 462
96 472
97 483
98 494
99 506
100 517
101 528
102 540
103 552
104 564
105 576
106 588
107 600
108 613
109 625
110 638
111 651
112 664
113 677
114 691
115 704
116 718
117 731
118 745
119 759
120 773
121 788
122 802
123 817
124 831
125 846
126 861
127 876
128 892
129 907
130 923
131 939
132 954
133 970
134 987
135 1003
136 1019
137 1036
138 1053
139 1070
140 1087
141 1104
142 1121
143 1139
144 1156
145 1174
146 1192
147 1210
148 1229
149 1247
150 1265
151 1284
152 1303
153 1322
154 1341
155 1360
156 1380
157 1399
158 1419
159 1439
160 1459
161 1479
162 1500
163 1520
164 1541
165 1562
166 1583
167 1604
168 1625
169 1646
170 1668
171 1690
172 1711
173 1734
174 1756
175 1778
176 1801
177 1823
178 1846
179 1869
180 1892
181 1915
182 1939
183 1962
184 1986
185 2010
186 2034
187 2058
188 2082
189 2107
190 2132
191 2156
192 2181
193 2207
194 2232
195 2257
196 2283
197 2309
198 2335
199 2361
200 2387
201 2413
202 2440
203 2467
204 2493
205 2520
206 2548
207 2575
208 2602
209 2630
210 2658
211 2686
212 2714
213 2742
214 2771
215 2800
216 2828
217 2857
218 2886
219 2916
220 2945
221 2975
222 3004
223 3034
224 3064
225 3095
226 3125
227 3156
228 3186
229 3217
230 3248
231 3280
232 3311
233 3342
234 3374
235 3406
236 3438
237 3470
238 3503
239 3535
240 3568
241 3601
242 3634
243 3667
244 3700
245 3734
246 3767
247 3801
248 3835
249 3869
250 3904
251 3938
252 3973
253 4008
254 4043
255 4078
