     0 6
     1 20
     2 34
     3 48
     4 62
     5 76
     6 90
     7 104
     8 118
     9 132
    10 146
    11 160
    12 174
    13 188
    14 202
    15 216
    16 230
    17 244
    18 258
    19 272
    20 286
    21 300
    22 314
    23 328
    24 342
    25 356
    26 370
    27 384
    28 398
    29 412
    30 426
    31 440
    32 454
    33 468
    34 482
    35 496
    36 510
    37 524
    38 538
    39 552
    40 566
    41 580
    42 594
    43 608
    44 622
    45 636
    46 650
    47 664
    48 678
    49 692
    50 706
    51 720
    52 734
    53 748
    54 762
    55 776
    56 790
    57 804
    58 818
    59 832
    60 846
    61 860
    62 874
    63 888
    64 902
    65 916
    66 930
    67 944
    68 958
    69 972
    70 986
    71 1000
    72 1014
    73 1028
    74 1042
    75 1056
    76 1070
    77 1084
    78 1098
    79 1112
    80 1126
    81 1140
    82 1154
    83 1168
    84 1182
    85 1196
    86 1210
    87 1224
    88 1238
    89 1252
    90 1266
    91 1280
    92 1294
    93 1308
    94 1322
    95 1336
    96 1350
    97 1364
    98 1378
    99 1392
   100 1406
   101 1420
   102 1434
   103 1448
   104 1462
   105 1476
   106 1490
   107 1504
   108 1518
   109 1532
   110 1546
   111 1560
   112 1574
   113 1588
   114 1602
   115 1616
   116 1630
   117 1644
   118 1658
   119 1672
   120 1686
   121 1700
   122 1714
   123 1728
   124 1742
   125 1756
   126 1770
   127 1784
   128 1798
   129 1812
   130 1826
   131 1840
   132 1854
   133 1868
   134 1882
   135 1896
   136 1910
   137 1924
   138 1938
   139 1952
   140 1966
   141 1980
   142 1994
   143 2008
   144 2022
   145 2036
   146 2050
   147 2064
   148 2078
   149 2092
   150 2106
   151 2120
   152 2134
   153 2148
   154 2162
   155 2176
   156 2190
   157 2204
   158 2218
   159 2232
   160 2246
   161 2260
   162 2274
   163 2288
   164 2302
   165 2316
   166 2330
   167 2344
   168 2358
   169 2372
   170 2386
   171 2400
   172 2414
   173 2428
   174 2442
   175 2456
   176 2470
   177 2484
   178 2498
   179 2512
   180 2526
   181 2540
   182 2554
   183 2568
   184 2582
   185 2596
   186 2610
   187 2624
   188 2638
   189 2652
   190 2666
   191 2680
   192 2694
   193 2708
   194 2722
   195 2736
   196 2750
   197 2764
   198 2778
   199 2792
   200 2806
   201 2820
   202 2834
   203 2848
   204 2862
   205 2876
   206 2890
   207 2904
   208 2918
   209 2932
   210 2946
   211 2960
   212 2974
   213 2988
   214 3002
   215 3016
   216 3030
   217 3044
   218 3058
   219 3072
   220 3086
   221 3100
   222 3114
   223 3128
   224 3142
   225 3156
   226 3170
   227 3184
   228 3198
   229 3212
   230 3226
   231 3240
   232 3254
   233 3268
   234 3282
   235 3296
   236 3310
   237 3324
   238 3338
   239 3352
   240 3366
   241 3380
   242 3394
   243 3408
   244 3422
   245 3436
   246 3450
   247 3464
   248 3478
   249 3492
   250 3506
   251 3520
   252 3534
   253 3548
   254 3562
   255 3570
