     0 0
     1 2
     2 3
     3 3
     4 4
     5 5
     6 5
     7 6
     8 7
     9 8
    10 9
    11 10
    12 11
    13 12
    14 14
    15 15
    16 16
    17 18
    18 19
    19 20
    20 22
    21 24
    22 25
    23 27
    24 29
    25 31
    26 33
    27 35
    28 37
    29 39
    30 41
    31 43
    32 46
    33 48
    34 50
    35 53
    36 55
    37 58
    38 61
    39 63
    40 66
    41 69
    42 72
    43 75
    44 78
    45 81
    46 84
    47 87
    48 90
    49 94
    50 97
    51 100
    52 104
    53 107
    54 111
    55 115
    56 118
    57 122
    58 126
    59 130
    60 134
    61 138
    62 142
    63 146
    64 150
    65 154
    66 159
    67 163
    68 168
    69 172
    70 177
    71 181
    72 186
    73 191
    74 196
    75 201
    76 206
    77 211
    78 216
    79 221
    80 226
    81 231
    82 236
    83 241
    84 247
    85 252
    86 258
    87 263
    88 269
    89 274
    90 280
    91 286
    92 292
    93 298
    94 304
    95 310
    96 316
    97 322
    98 328
    99 334
   100 341
   101 347
   102 354
   103 360
   104 367
   105 373
   106 380
   107 387
   108 394
   109 401
   110 408
   111 415
   112 422
   113 429
   114 436
   115 443
   116 450
   117 458
   118 465
   119 472
   120 480
   121 487
   122 495
   123 503
   124 510
   125 518
   126 526
   127 534
   128 542
   129 550
   130 558
   131 566
   132 575
   133 583
   134 591
   135 600
   136 608
   137 617
   138 626
   139 634
   140 643
   141 652
   142 661
   143 670
   144 679
   145 688
   146 697
   147 706
   148 715
   149 724
   150 733
   151 743
   152 752
   153 761
   154 771
   155 781
   156 790
   157 800
   158 810
   159 819
   160 829
   161 839
   162 849
   163 859
   164 869
   165 880
   166 890
   167 900
   168 911
   169 921
   170 932
   171 942
   172 953
   173 964
   174 974
   175 985
   176 996
   177 1007
   178 1018
   179 1029
   180 1040
   181 1051
   182 1062
   183 1074
   184 1085
   185 1096
   186 1108
   187 1119
   188 1131
   189 1142
   190 1154
   191 1166
   192 1177
   193 1189
   194 1201
   195 1213
   196 1225
   197 1237
   198 1249
   199 1262
   200 1274
   201 1286
   202 1299
   203 1311
   204 1324
   205 1336
   206 1349
   207 1362
   208 1374
   209 1387
   210 1400
   211 1413
   212 1426
   213 1439
   214 1452
   215 1465
   216 1479
   217 1492
   218 1505
   219 1519
   220 1532
   221 1545
   222 1559
   223 1573
   224 1586
   225 1600
   226 1614
   227 1628
   228 1642
   229 1656
   230 1670
   231 1684
   232 1698
   233 1712
   234 1727
   235 1741
   236 1755
   237 1770
   238 1784
   239 1799
   240 1814
   241 1828
   242 1843
   243 1858
   244 1873
   245 1888
   246 1903
   247 1918
   248 1933
   249 1948
   250 1963
   251 1979
   252 1994
   253 2009
   254 2025
   255 2033
