0 0
1 48
2 80
3 112
4 144
5 176
6 208
7 240
8 272
9 304
10 336
11 368
12 400
13 432
14 464
15 496
16 528
17 560
18 592
19 624
20 656
21 688
22 720
23 752
24 784
25 816
26 848
27 880
28 912
29 944
30 976
31 1008
32 1040
33 1072
34 1104
35 1136
36 1168
37 1200
38 1232
39 1264
40 1296
41 1328
42 1360
43 1392
44 1424
45 1456
46 1488
47 1520
48 1552
49 1584
50 1616
51 1648
52 1680
53 1712
54 1744
55 1776
56 1808
57 1840
58 1872
59 1904
60 1936
61 1968
62 2000
63 2032
64 2064
65 2096
66 2128
67 2160
68 2192
69 2224
70 2256
71 2288
72 2320
73 2352
74 2384
75 2416
76 2448
77 2480
78 2512
79 2544
80 2576
81 2608
82 2640
83 2672
84 2704
85 2736
86 2768
87 2800
88 2832
89 2864
90 2896
91 2928
92 2960
93 2992
94 3024
95 3056
96 3088
97 3120
98 3152
99 3184
100 3216
101 3248
102 3280
103 3312
104 3344
105 3376
106 3408
107 3440
108 3472
109 3504
110 3536
111 3568
112 3600
113 3632
114 3664
115 3696
116 3728
117 3760
118 3792
119 3824
120 3856
121 3888
122 3920
123 3952
124 3984
125 4016
126 4048
127 4080
128 4112
129 4144
130 4176
131 4208
132 4240
133 4272
134 4304
135 4336
136 4368
137 4400
138 4432
139 4464
140 4496
141 4528
142 4560
143 4592
144 4624
145 4656
146 4688
147 4720
148 4752
149 4784
150 4816
151 4848
152 4880
153 4912
154 4944
155 4976
156 5008
157 5040
158 5072
159 5104
160 5136
161 5168
162 5200
163 5232
164 5264
165 5296
166 5328
167 5360
168 5392
169 5424
170 5456
171 5488
172 5520
173 5552
174 5584
175 5616
176 5648
177 5680
178 5712
179 5744
180 5776
181 5808
182 5840
183 5872
184 5904
185 5936
186 5968
187 6000
188 6032
189 6064
190 6096
191 6128
192 6160
193 6192
194 6224
195 6256
196 6288
197 6320
198 6352
199 6384
200 6416
201 6448
202 6480
203 6512
204 6544
205 6576
206 6608
207 6640
208 6672
209 6704
210 6736
211 6768
212 6800
213 6832
214 6864
215 6896
216 6928
217 6960
218 6992
219 7024
220 7056
221 7088
222 7120
223 7152
224 7184
225 7216
226 7248
227 7280
228 7312
229 7344
230 7376
231 7408
232 7440
233 7472
234 7504
235 7536
236 7568
237 7600
238 7632
239 7664
240 7696
241 7728
242 7760
243 7792
244 7824
245 7856
246 7888
247 7920
248 7952
249 7984
250 8016
251 8048
252 8080
253 8112
254 8144
255 8176
