0 0
1 6
2 10
3 14
4 18
5 22
6 26
7 30
8 34
9 38
10 42
11 46
12 50
13 54
14 58
15 62
16 66
17 70
18 74
19 78
20 82
21 86
22 90
23 94
24 98
25 102
26 106
27 110
28 114
29 118
30 122
31 126
32 130
33 134
34 138
35 142
36 146
37 150
38 154
39 158
40 162
41 166
42 170
43 174
44 178
45 182
46 186
47 190
48 194
49 198
50 202
51 206
52 210
53 214
54 218
55 222
56 226
57 230
58 234
59 238
60 242
61 246
62 250
63 254
64 258
65 262
66 266
67 270
68 274
69 278
70 282
71 286
72 290
73 294
74 298
75 302
76 306
77 310
78 314
79 318
80 322
81 326
82 330
83 334
84 338
85 342
86 346
87 350
88 354
89 358
90 362
91 366
92 370
93 374
94 378
95 382
96 386
97 390
98 394
99 398
100 402
101 406
102 410
103 414
104 418
105 422
106 426
107 430
108 434
109 438
110 442
111 446
112 450
113 454
114 458
115 462
116 466
117 470
118 474
119 478
120 482
121 486
122 490
123 494
124 498
125 502
126 506
127 510
128 514
129 518
130 522
131 526
132 530
133 534
134 538
135 542
136 546
137 550
138 554
139 558
140 562
141 566
142 570
143 574
144 578
145 582
146 586
147 590
148 594
149 598
150 602
151 606
152 610
153 614
154 618
155 622
156 626
157 630
158 634
159 638
160 642
161 646
162 650
163 654
164 658
165 662
166 666
167 670
168 674
169 678
170 682
171 686
172 690
173 694
174 698
175 702
176 706
177 710
178 714
179 718
180 722
181 726
182 730
183 734
184 738
185 742
186 746
187 750
188 754
189 758
190 762
191 766
192 770
193 774
194 778
195 782
196 786
197 790
198 794
199 798
200 802
201 806
202 810
203 814
204 818
205 822
206 826
207 830
208 834
209 838
210 842
211 846
212 850
213 854
214 858
215 862
216 866
217 870
218 874
219 878
220 882
221 886
222 890
223 894
224 898
225 902
226 906
227 910
228 914
229 918
230 922
231 926
232 930
233 934
234 938
235 942
236 946
237 950
238 954
239 958
240 962
241 966
242 970
243 974
244 978
245 982
246 986
247 990
248 994
249 998
250 1002
251 1006
252 1010
253 1014
254 1018
255 1022
