PDS_VERSION_ID      = PDS3
RECORD_TYPE         = STREAM

OBJECT              = TEXT
 PUBLICATION_DATE   = 2013-05-20
 NOTE               = "MMM decompanding table 25"
END_OBJECT          = TEXT
END



0 4
1 13
2 22
3 31
4 40
5 49
6 58
7 67
8 76
9 85
10 94
11 103
12 112
13 121
14 130
15 139
16 148
17 157
18 166
19 175
20 184
21 193
22 202
23 211
24 220
25 229
26 238
27 247
28 256
29 265
30 274
31 283
32 292
33 301
34 310
35 319
36 328
37 337
38 346
39 355
40 364
41 373
42 382
43 391
44 400
45 409
46 418
47 427
48 436
49 445
50 454
51 463
52 472
53 481
54 490
55 499
56 508
57 517
58 526
59 535
60 544
61 553
62 562
63 571
64 580
65 589
66 598
67 607
68 616
69 625
70 634
71 643
72 652
73 661
74 670
75 679
76 688
77 697
78 706
79 715
80 724
81 733
82 742
83 751
84 760
85 769
86 778
87 787
88 796
89 805
90 814
91 823
92 832
93 841
94 850
95 859
96 868
97 877
98 886
99 895
100 904
101 913
102 922
103 931
104 940
105 949
106 958
107 967
108 976
109 985
110 994
111 1003
112 1012
113 1021
114 1030
115 1039
116 1048
117 1057
118 1066
119 1075
120 1084
121 1093
122 1102
123 1111
124 1120
125 1129
126 1138
127 1147
128 1156
129 1165
130 1174
131 1183
132 1192
133 1201
134 1210
135 1219
136 1228
137 1237
138 1246
139 1255
140 1264
141 1273
142 1282
143 1291
144 1300
145 1309
146 1318
147 1327
148 1336
149 1345
150 1354
151 1363
152 1372
153 1381
154 1390
155 1399
156 1408
157 1417
158 1426
159 1435
160 1444
161 1453
162 1462
163 1471
164 1480
165 1489
166 1498
167 1507
168 1516
169 1525
170 1534
171 1543
172 1552
173 1561
174 1570
175 1579
176 1588
177 1597
178 1606
179 1615
180 1624
181 1633
182 1642
183 1651
184 1660
185 1669
186 1678
187 1687
188 1696
189 1705
190 1714
191 1723
192 1732
193 1741
194 1750
195 1759
196 1768
197 1777
198 1786
199 1795
200 1804
201 1813
202 1822
203 1831
204 1840
205 1849
206 1858
207 1867
208 1876
209 1885
210 1894
211 1903
212 1912
213 1921
214 1930
215 1939
216 1948
217 1957
218 1966
219 1975
220 1984
221 1993
222 2002
223 2011
224 2020
225 2029
226 2038
227 2047
228 2056
229 2065
230 2074
231 2083
232 2092
233 2101
234 2110
235 2119
236 2128
237 2137
238 2146
239 2155
240 2164
241 2173
242 2182
243 2191
244 2200
245 2209
246 2218
247 2227
248 2236
249 2245
250 2254
251 2263
252 2272
253 2281
254 2290
255 2295
