PDS_VERSION_ID      = PDS3
RECORD_TYPE         = STREAM

OBJECT              = TEXT
 PUBLICATION_DATE   = 2013-05-20
 NOTE               = "MMM decompanding table 8"
END_OBJECT          = TEXT
END



0 3
1 11
2 19
3 27
4 35
5 43
6 51
7 59
8 67
9 75
10 83
11 91
12 99
13 107
14 115
15 123
16 131
17 139
18 147
19 155
20 163
21 171
22 179
23 187
24 195
25 203
26 211
27 219
28 227
29 235
30 243
31 251
32 259
33 267
34 275
35 283
36 291
37 299
38 307
39 315
40 323
41 331
42 339
43 347
44 355
45 363
46 371
47 379
48 387
49 395
50 403
51 411
52 419
53 427
54 435
55 443
56 451
57 459
58 467
59 475
60 483
61 491
62 499
63 507
64 515
65 523
66 531
67 539
68 547
69 555
70 563
71 571
72 579
73 587
74 595
75 603
76 611
77 619
78 627
79 635
80 643
81 651
82 659
83 667
84 675
85 683
86 691
87 699
88 707
89 715
90 723
91 731
92 739
93 747
94 755
95 763
96 771
97 779
98 787
99 795
100 803
101 811
102 819
103 827
104 835
105 843
106 851
107 859
108 867
109 875
110 883
111 891
112 899
113 907
114 915
115 923
116 931
117 939
118 947
119 955
120 963
121 971
122 979
123 987
124 995
125 1003
126 1011
127 1019
128 1027
129 1035
130 1043
131 1051
132 1059
133 1067
134 1075
135 1083
136 1091
137 1099
138 1107
139 1115
140 1123
141 1131
142 1139
143 1147
144 1155
145 1163
146 1171
147 1179
148 1187
149 1195
150 1203
151 1211
152 1219
153 1227
154 1235
155 1243
156 1251
157 1259
158 1267
159 1275
160 1283
161 1291
162 1299
163 1307
164 1315
165 1323
166 1331
167 1339
168 1347
169 1355
170 1363
171 1371
172 1379
173 1387
174 1395
175 1403
176 1411
177 1419
178 1427
179 1435
180 1443
181 1451
182 1459
183 1467
184 1475
185 1483
186 1491
187 1499
188 1507
189 1515
190 1523
191 1531
192 1539
193 1547
194 1555
195 1563
196 1571
197 1579
198 1587
199 1595
200 1603
201 1611
202 1619
203 1627
204 1635
205 1643
206 1651
207 1659
208 1667
209 1675
210 1683
211 1691
212 1699
213 1707
214 1715
215 1723
216 1731
217 1739
218 1747
219 1755
220 1763
221 1771
222 1779
223 1787
224 1795
225 1803
226 1811
227 1819
228 1827
229 1835
230 1843
231 1851
232 1859
233 1867
234 1875
235 1883
236 1891
237 1899
238 1907
239 1915
240 1923
241 1931
242 1939
243 1947
244 1955
245 1963
246 1971
247 1979
248 1987
249 1995
250 2003
251 2011
252 2019
253 2027
254 2035
255 2040
