PDS_VERSION_ID      = PDS3
RECORD_TYPE         = STREAM

OBJECT              = TEXT
 PUBLICATION_DATE   = 2013-05-20
 NOTE               = "MMM decompanding table 16"
END_OBJECT          = TEXT
END



0 7
1 23
2 39
3 55
4 71
5 87
6 103
7 119
8 135
9 151
10 167
11 183
12 199
13 215
14 231
15 247
16 263
17 279
18 295
19 311
20 327
21 343
22 359
23 375
24 391
25 407
26 423
27 439
28 455
29 471
30 487
31 503
32 519
33 535
34 551
35 567
36 583
37 599
38 615
39 631
40 647
41 663
42 679
43 695
44 711
45 727
46 743
47 759
48 775
49 791
50 807
51 823
52 839
53 855
54 871
55 887
56 903
57 919
58 935
59 951
60 967
61 983
62 999
63 1015
64 1031
65 1047
66 1063
67 1079
68 1095
69 1111
70 1127
71 1143
72 1159
73 1175
74 1191
75 1207
76 1223
77 1239
78 1255
79 1271
80 1287
81 1303
82 1319
83 1335
84 1351
85 1367
86 1383
87 1399
88 1415
89 1431
90 1447
91 1463
92 1479
93 1495
94 1511
95 1527
96 1543
97 1559
98 1575
99 1591
100 1607
101 1623
102 1639
103 1655
104 1671
105 1687
106 1703
107 1719
108 1735
109 1751
110 1767
111 1783
112 1799
113 1815
114 1831
115 1847
116 1863
117 1879
118 1895
119 1911
120 1927
121 1943
122 1959
123 1975
124 1991
125 2007
126 2023
127 2039
128 2055
129 2071
130 2087
131 2103
132 2119
133 2135
134 2151
135 2167
136 2183
137 2199
138 2215
139 2231
140 2247
141 2263
142 2279
143 2295
144 2311
145 2327
146 2343
147 2359
148 2375
149 2391
150 2407
151 2423
152 2439
153 2455
154 2471
155 2487
156 2503
157 2519
158 2535
159 2551
160 2567
161 2583
162 2599
163 2615
164 2631
165 2647
166 2663
167 2679
168 2695
169 2711
170 2727
171 2743
172 2759
173 2775
174 2791
175 2807
176 2823
177 2839
178 2855
179 2871
180 2887
181 2903
182 2919
183 2935
184 2951
185 2967
186 2983
187 2999
188 3015
189 3031
190 3047
191 3063
192 3079
193 3095
194 3111
195 3127
196 3143
197 3159
198 3175
199 3191
200 3207
201 3223
202 3239
203 3255
204 3271
205 3287
206 3303
207 3319
208 3335
209 3351
210 3367
211 3383
212 3399
213 3415
214 3431
215 3447
216 3463
217 3479
218 3495
219 3511
220 3527
221 3543
222 3559
223 3575
224 3591
225 3607
226 3623
227 3639
228 3655
229 3671
230 3687
231 3703
232 3719
233 3735
234 3751
235 3767
236 3783
237 3799
238 3815
239 3831
240 3847
241 3863
242 3879
243 3895
244 3911
245 3927
246 3943
247 3959
248 3975
249 3991
250 4007
251 4023
252 4039
253 4055
254 4071
255 4080
