PDS_VERSION_ID      = PDS3
RECORD_TYPE         = STREAM

OBJECT              = TEXT
 PUBLICATION_DATE   = 2013-05-20
 NOTE               = "MMM decompanding table 21"
END_OBJECT          = TEXT
END



0 2
1 7
2 12
3 17
4 22
5 27
6 32
7 37
8 42
9 47
10 52
11 57
12 62
13 67
14 72
15 77
16 82
17 87
18 92
19 97
20 102
21 107
22 112
23 117
24 122
25 127
26 132
27 137
28 142
29 147
30 152
31 157
32 162
33 167
34 172
35 177
36 182
37 187
38 192
39 197
40 202
41 207
42 212
43 217
44 222
45 227
46 232
47 237
48 242
49 247
50 252
51 257
52 262
53 267
54 272
55 277
56 282
57 287
58 292
59 297
60 302
61 307
62 312
63 317
64 322
65 327
66 332
67 337
68 342
69 347
70 352
71 357
72 362
73 367
74 372
75 377
76 382
77 387
78 392
79 397
80 402
81 407
82 412
83 417
84 422
85 427
86 432
87 437
88 442
89 447
90 452
91 457
92 462
93 467
94 472
95 477
96 482
97 487
98 492
99 497
100 502
101 507
102 512
103 517
104 522
105 527
106 532
107 537
108 542
109 547
110 552
111 557
112 562
113 567
114 572
115 577
116 582
117 587
118 592
119 597
120 602
121 607
122 612
123 617
124 622
125 627
126 632
127 637
128 642
129 647
130 652
131 657
132 662
133 667
134 672
135 677
136 682
137 687
138 692
139 697
140 702
141 707
142 712
143 717
144 722
145 727
146 732
147 737
148 742
149 747
150 752
151 757
152 762
153 767
154 772
155 777
156 782
157 787
158 792
159 797
160 802
161 807
162 812
163 817
164 822
165 827
166 832
167 837
168 842
169 847
170 852
171 857
172 862
173 867
174 872
175 877
176 882
177 887
178 892
179 897
180 902
181 907
182 912
183 917
184 922
185 927
186 932
187 937
188 942
189 947
190 952
191 957
192 962
193 967
194 972
195 977
196 982
197 987
198 992
199 997
200 1002
201 1007
202 1012
203 1017
204 1022
205 1027
206 1032
207 1037
208 1042
209 1047
210 1052
211 1057
212 1062
213 1067
214 1072
215 1077
216 1082
217 1087
218 1092
219 1097
220 1102
221 1107
222 1112
223 1117
224 1122
225 1127
226 1132
227 1137
228 1142
229 1147
230 1152
231 1157
232 1162
233 1167
234 1172
235 1177
236 1182
237 1187
238 1192
239 1197
240 1202
241 1207
242 1212
243 1217
244 1222
245 1227
246 1232
247 1237
248 1242
249 1247
250 1252
251 1257
252 1262
253 1267
254 1272
255 1275
