PDS_VERSION_ID      = PDS3
RECORD_TYPE         = STREAM

OBJECT              = TEXT
 PUBLICATION_DATE   = 2013-05-20
 NOTE               = "MMM decompanding table 7"
END_OBJECT          = TEXT
END



0 3
1 10
2 17
3 24
4 31
5 38
6 45
7 52
8 59
9 66
10 73
11 80
12 87
13 94
14 101
15 108
16 115
17 122
18 129
19 136
20 143
21 150
22 157
23 164
24 171
25 178
26 185
27 192
28 199
29 206
30 213
31 220
32 227
33 234
34 241
35 248
36 255
37 262
38 269
39 276
40 283
41 290
42 297
43 304
44 311
45 318
46 325
47 332
48 339
49 346
50 353
51 360
52 367
53 374
54 381
55 388
56 395
57 402
58 409
59 416
60 423
61 430
62 437
63 444
64 451
65 458
66 465
67 472
68 479
69 486
70 493
71 500
72 507
73 514
74 521
75 528
76 535
77 542
78 549
79 556
80 563
81 570
82 577
83 584
84 591
85 598
86 605
87 612
88 619
89 626
90 633
91 640
92 647
93 654
94 661
95 668
96 675
97 682
98 689
99 696
100 703
101 710
102 717
103 724
104 731
105 738
106 745
107 752
108 759
109 766
110 773
111 780
112 787
113 794
114 801
115 808
116 815
117 822
118 829
119 836
120 843
121 850
122 857
123 864
124 871
125 878
126 885
127 892
128 899
129 906
130 913
131 920
132 927
133 934
134 941
135 948
136 955
137 962
138 969
139 976
140 983
141 990
142 997
143 1004
144 1011
145 1018
146 1025
147 1032
148 1039
149 1046
150 1053
151 1060
152 1067
153 1074
154 1081
155 1088
156 1095
157 1102
158 1109
159 1116
160 1123
161 1130
162 1137
163 1144
164 1151
165 1158
166 1165
167 1172
168 1179
169 1186
170 1193
171 1200
172 1207
173 1214
174 1221
175 1228
176 1235
177 1242
178 1249
179 1256
180 1263
181 1270
182 1277
183 1284
184 1291
185 1298
186 1305
187 1312
188 1319
189 1326
190 1333
191 1340
192 1347
193 1354
194 1361
195 1368
196 1375
197 1382
198 1389
199 1396
200 1403
201 1410
202 1417
203 1424
204 1431
205 1438
206 1445
207 1452
208 1459
209 1466
210 1473
211 1480
212 1487
213 1494
214 1501
215 1508
216 1515
217 1522
218 1529
219 1536
220 1543
221 1550
222 1557
223 1564
224 1571
225 1578
226 1585
227 1592
228 1599
229 1606
230 1613
231 1620
232 1627
233 1634
234 1641
235 1648
236 1655
237 1662
238 1669
239 1676
240 1683
241 1690
242 1697
243 1704
244 1711
245 1718
246 1725
247 1732
248 1739
249 1746
250 1753
251 1760
252 1767
253 1774
254 1781
255 1785
