PDS_VERSION_ID      = PDS3
RECORD_TYPE         = STREAM

OBJECT              = TEXT
 PUBLICATION_DATE   = 2013-05-20
 NOTE               = "MMM decompanding table 29"
END_OBJECT          = TEXT
END



0 6
1 19
2 32
3 45
4 58
5 71
6 84
7 97
8 110
9 123
10 136
11 149
12 162
13 175
14 188
15 201
16 214
17 227
18 240
19 253
20 266
21 279
22 292
23 305
24 318
25 331
26 344
27 357
28 370
29 383
30 396
31 409
32 422
33 435
34 448
35 461
36 474
37 487
38 500
39 513
40 526
41 539
42 552
43 565
44 578
45 591
46 604
47 617
48 630
49 643
50 656
51 669
52 682
53 695
54 708
55 721
56 734
57 747
58 760
59 773
60 786
61 799
62 812
63 825
64 838
65 851
66 864
67 877
68 890
69 903
70 916
71 929
72 942
73 955
74 968
75 981
76 994
77 1007
78 1020
79 1033
80 1046
81 1059
82 1072
83 1085
84 1098
85 1111
86 1124
87 1137
88 1150
89 1163
90 1176
91 1189
92 1202
93 1215
94 1228
95 1241
96 1254
97 1267
98 1280
99 1293
100 1306
101 1319
102 1332
103 1345
104 1358
105 1371
106 1384
107 1397
108 1410
109 1423
110 1436
111 1449
112 1462
113 1475
114 1488
115 1501
116 1514
117 1527
118 1540
119 1553
120 1566
121 1579
122 1592
123 1605
124 1618
125 1631
126 1644
127 1657
128 1670
129 1683
130 1696
131 1709
132 1722
133 1735
134 1748
135 1761
136 1774
137 1787
138 1800
139 1813
140 1826
141 1839
142 1852
143 1865
144 1878
145 1891
146 1904
147 1917
148 1930
149 1943
150 1956
151 1969
152 1982
153 1995
154 2008
155 2021
156 2034
157 2047
158 2060
159 2073
160 2086
161 2099
162 2112
163 2125
164 2138
165 2151
166 2164
167 2177
168 2190
169 2203
170 2216
171 2229
172 2242
173 2255
174 2268
175 2281
176 2294
177 2307
178 2320
179 2333
180 2346
181 2359
182 2372
183 2385
184 2398
185 2411
186 2424
187 2437
188 2450
189 2463
190 2476
191 2489
192 2502
193 2515
194 2528
195 2541
196 2554
197 2567
198 2580
199 2593
200 2606
201 2619
202 2632
203 2645
204 2658
205 2671
206 2684
207 2697
208 2710
209 2723
210 2736
211 2749
212 2762
213 2775
214 2788
215 2801
216 2814
217 2827
218 2840
219 2853
220 2866
221 2879
222 2892
223 2905
224 2918
225 2931
226 2944
227 2957
228 2970
229 2983
230 2996
231 3009
232 3022
233 3035
234 3048
235 3061
236 3074
237 3087
238 3100
239 3113
240 3126
241 3139
242 3152
243 3165
244 3178
245 3191
246 3204
247 3217
248 3230
249 3243
250 3256
251 3269
252 3282
253 3295
254 3308
255 3315
