PDS_VERSION_ID      = PDS3
RECORD_TYPE         = STREAM

OBJECT              = TEXT
 PUBLICATION_DATE   = 2013-05-20
 NOTE               = "MMM decompanding table 10"
END_OBJECT          = TEXT
END



0 4
1 14
2 24
3 34
4 44
5 54
6 64
7 74
8 84
9 94
10 104
11 114
12 124
13 134
14 144
15 154
16 164
17 174
18 184
19 194
20 204
21 214
22 224
23 234
24 244
25 254
26 264
27 274
28 284
29 294
30 304
31 314
32 324
33 334
34 344
35 354
36 364
37 374
38 384
39 394
40 404
41 414
42 424
43 434
44 444
45 454
46 464
47 474
48 484
49 494
50 504
51 514
52 524
53 534
54 544
55 554
56 564
57 574
58 584
59 594
60 604
61 614
62 624
63 634
64 644
65 654
66 664
67 674
68 684
69 694
70 704
71 714
72 724
73 734
74 744
75 754
76 764
77 774
78 784
79 794
80 804
81 814
82 824
83 834
84 844
85 854
86 864
87 874
88 884
89 894
90 904
91 914
92 924
93 934
94 944
95 954
96 964
97 974
98 984
99 994
100 1004
101 1014
102 1024
103 1034
104 1044
105 1054
106 1064
107 1074
108 1084
109 1094
110 1104
111 1114
112 1124
113 1134
114 1144
115 1154
116 1164
117 1174
118 1184
119 1194
120 1204
121 1214
122 1224
123 1234
124 1244
125 1254
126 1264
127 1274
128 1284
129 1294
130 1304
131 1314
132 1324
133 1334
134 1344
135 1354
136 1364
137 1374
138 1384
139 1394
140 1404
141 1414
142 1424
143 1434
144 1444
145 1454
146 1464
147 1474
148 1484
149 1494
150 1504
151 1514
152 1524
153 1534
154 1544
155 1554
156 1564
157 1574
158 1584
159 1594
160 1604
161 1614
162 1624
163 1634
164 1644
165 1654
166 1664
167 1674
168 1684
169 1694
170 1704
171 1714
172 1724
173 1734
174 1744
175 1754
176 1764
177 1774
178 1784
179 1794
180 1804
181 1814
182 1824
183 1834
184 1844
185 1854
186 1864
187 1874
188 1884
189 1894
190 1904
191 1914
192 1924
193 1934
194 1944
195 1954
196 1964
197 1974
198 1984
199 1994
200 2004
201 2014
202 2024
203 2034
204 2044
205 2054
206 2064
207 2074
208 2084
209 2094
210 2104
211 2114
212 2124
213 2134
214 2144
215 2154
216 2164
217 2174
218 2184
219 2194
220 2204
221 2214
222 2224
223 2234
224 2244
225 2254
226 2264
227 2274
228 2284
229 2294
230 2304
231 2314
232 2324
233 2334
234 2344
235 2354
236 2364
237 2374
238 2384
239 2394
240 2404
241 2414
242 2424
243 2434
244 2444
245 2454
246 2464
247 2474
248 2484
249 2494
250 2504
251 2514
252 2524
253 2534
254 2544
255 2550
