       0       0
       1       1
       2       2
       3       3
       4       4
       5       5
       6       6
       7       7
       8       8
       9       9
      10      10
      11      11
      12      12
      13      13
      14      14
      15      15
      16      16
      17      17
      18      18
      19      19
      20      20
      21      21
      22      22
      23      23
      24      24
      25      25
      26      26
      27      27
      28      28
      29      29
      30      30
      31      31
      32      32
      33      33
      34      34
      35      35
      36      36
      37      37
      38      38
      39      39
      40      40
      41      41
      42      42
      43      43
      44      44
      45      45
      46      46
      47      47
      48      48
      49      49
      50      50
      51      51
      52      52
      53      53
      54      54
      55      55
      56      56
      57      57
      58      58
      59      59
      60      60
      61      61
      62      62
      63      63
      64      65
      65      68
      66      71
      67      74
      68      78
      69      81
      70      85
      71      89
      72      92
      73      96
      74     100
      75     104
      76     109
      77     113
      78     117
      79     122
      80     127
      81     131
      82     136
      83     141
      84     146
      85     152
      86     157
      87     163
      88     169
      89     174
      90     180
      91     186
      92     193
      93     199
      94     205
      95     212
      96     219
      97     225
      98     232
      99     240
     100     247
     101     255
     102     262
     103     270
     104     278
     105     286
     106     294
     107     303
     108     311
     109     320
     110     328
     111     338
     112     347
     113     356
     114     366
     115     376
     116     386
     117     396
     118     406
     119     416
     120     426
     121     437
     122     448
     123     459
     124     470
     125     482
     126     494
     127     506
     128     518
     129     530
     130     542
     131     554
     132     567
     133     580
     134     593
     135     607
     136     620
     137     634
     138     648
     139     662
     140     676
     141     691
     142     706
     143     721
     144     736
     145     751
     146     767
     147     783
     148     799
     149     815
     150     831
     151     848
     152     865
     153     882
     154     900
     155     917
     156     935
     157     953
     158     971
     159     990
     160    1009
     161    1027
     162    1047
     163    1066
     164    1086
     165    1106
     166    1126
     167    1147
     168    1167
     169    1188
     170    1209
     171    1231
     172    1253
     173    1275
     174    1297
     175    1319
     176    1342
     177    1364
     178    1388
     179    1411
     180    1435
     181    1459
     182    1483
     183    1508
     184    1532
     185    1558
     186    1583
     187    1609
     188    1635
     189    1661
     190    1687
     191    1714
     192    1741
     193    1768
     194    1796
     195    1824
     196    1852
     197    1880
     198    1909
     199    1938
     200    1967
     201    1997
     202    2027
     203    2057
     204    2087
     205    2118
     206    2149
     207    2181
     208    2212
     209    2244
     210    2276
     211    2309
     212    2342
     213    2375
     214    2409
     215    2443
     216    2477
     217    2511
     218    2546
     219    2581
     220    2617
     221    2653
     222    2689
     223    2725
     224    2762
     225    2799
     226    2836
     227    2874
     228    2912
     229    2950
     230    2989
     231    3028
     232    3068
     233    3108
     234    3148
     235    3188
     236    3229
     237    3270
     238    3311
     239    3353
     240    3396
     241    3438
     242    3481
     243    3524
     244    3568
     245    3612
     246    3656
     247    3701
     248    3746
     249    3791
     250    3837
     251    3883
     252    3929
     253    3976
     254    4024
     255    4072
