       0       0
       1       1
       2       2
       3       3
       4       4
       5       5
       6       7
       7       8
       8      10
       9      11
      10      13
      11      15
      12      17
      13      19
      14      21
      15      23
      16      25
      17      27
      18      29
      19      32
      20      35
      21      37
      22      40
      23      43
      24      46
      25      50
      26      53
      27      56
      28      60
      29      64
      30      68
      31      72
      32      76
      33      80
      34      84
      35      88
      36      93
      37      98
      38     102
      39     107
      40     112
      41     117
      42     123
      43     128
      44     134
      45     139
      46     145
      47     151
      48     157
      49     163
      50     170
      51     176
      52     182
      53     189
      54     196
      55     202
      56     210
      57     217
      58     224
      59     232
      60     239
      61     247
      62     255
      63     263
      64     271
      65     279
      66     287
      67     295
      68     304
      69     312
      70     321
      71     330
      72     339
      73     348
      74     357
      75     367
      76     376
      77     386
      78     396
      79     406
      80     416
      81     426
      82     436
      83     447
      84     457
      85     468
      86     478
      87     489
      88     500
      89     512
      90     523
      91     534
      92     546
      93     558
      94     570
      95     582
      96     594
      97     606
      98     618
      99     630
     100     643
     101     655
     102     668
     103     681
     104     694
     105     707
     106     721
     107     734
     108     748
     109     762
     110     775
     111     789
     112     803
     113     818
     114     832
     115     846
     116     861
     117     875
     118     890
     119     905
     120     920
     121     935
     122     951
     123     966
     124     982
     125     998
     126    1013
     127    1029
     128    1045
     129    1062
     130    1078
     131    1094
     132    1111
     133    1127
     134    1144
     135    1161
     136    1178
     137    1196
     138    1213
     139    1230
     140    1248
     141    1266
     142    1284
     143    1302
     144    1320
     145    1338
     146    1356
     147    1375
     148    1393
     149    1412
     150    1431
     151    1450
     152    1469
     153    1488
     154    1507
     155    1527
     156    1547
     157    1566
     158    1586
     159    1606
     160    1626
     161    1647
     162    1667
     163    1687
     164    1708
     165    1729
     166    1749
     167    1770
     168    1791
     169    1813
     170    1834
     171    1856
     172    1877
     173    1899
     174    1921
     175    1943
     176    1965
     177    1987
     178    2010
     179    2032
     180    2055
     181    2077
     182    2100
     183    2123
     184    2146
     185    2170
     186    2193
     187    2217
     188    2241
     189    2264
     190    2288
     191    2312
     192    2336
     193    2361
     194    2385
     195    2409
     196    2434
     197    2459
     198    2484
     199    2509
     200    2534
     201    2559
     202    2585
     203    2610
     204    2636
     205    2662
     206    2688
     207    2714
     208    2740
     209    2766
     210    2792
     211    2819
     212    2845
     213    2872
     214    2899
     215    2926
     216    2953
     217    2981
     218    3008
     219    3036
     220    3063
     221    3091
     222    3119
     223    3147
     224    3175
     225    3204
     226    3232
     227    3261
     228    3289
     229    3318
     230    3347
     231    3376
     232    3405
     233    3435
     234    3464
     235    3494
     236    3523
     237    3553
     238    3583
     239    3613
     240    3643
     241    3674
     242    3704
     243    3735
     244    3765
     245    3796
     246    3827
     247    3858
     248    3889
     249    3921
     250    3952
     251    3984
     252    4016
     253    4047
     254    4079
     255    4095
