       0      20
       1      21
       2      22
       3      23
       4      24
       5      25
       6      27
       7      28
       8      30
       9      31
      10      33
      11      35
      12      36
      13      38
      14      40
      15      42
      16      45
      17      47
      18      49
      19      52
      20      54
      21      57
      22      60
      23      63
      24      66
      25      69
      26      72
      27      76
      28      80
      29      83
      30      87
      31      91
      32      95
      33      99
      34     103
      35     108
      36     112
      37     117
      38     121
      39     126
      40     131
      41     136
      42     141
      43     147
      44     152
      45     158
      46     164
      47     170
      48     176
      49     182
      50     188
      51     194
      52     201
      53     207
      54     214
      55     220
      56     227
      57     234
      58     242
      59     249
      60     257
      61     264
      62     272
      63     280
      64     288
      65     296
      66     304
      67     312
      68     321
      69     329
      70     338
      71     346
      72     355
      73     364
      74     374
      75     383
      76     392
      77     402
      78     412
      79     422
      80     432
      81     442
      82     452
      83     462
      84     472
      85     483
      86     493
      87     504
      88     515
      89     526
      90     537
      91     549
      92     560
      93     572
      94     583
      95     595
      96     607
      97     619
      98     631
      99     644
     100     656
     101     668
     102     681
     103     694
     104     707
     105     720
     106     733
     107     746
     108     760
     109     773
     110     787
     111     801
     112     815
     113     829
     114     843
     115     857
     116     871
     117     886
     118     900
     119     915
     120     930
     121     945
     122     960
     123     976
     124     991
     125    1007
     126    1022
     127    1038
     128    1054
     129    1070
     130    1086
     131    1102
     132    1119
     133    1135
     134    1152
     135    1169
     136    1185
     137    1202
     138    1220
     139    1237
     140    1254
     141    1272
     142    1290
     143    1308
     144    1326
     145    1344
     146    1362
     147    1380
     148    1398
     149    1417
     150    1435
     151    1454
     152    1473
     153    1492
     154    1511
     155    1530
     156    1550
     157    1569
     158    1589
     159    1609
     160    1629
     161    1649
     162    1669
     163    1689
     164    1709
     165    1730
     166    1750
     167    1771
     168    1792
     169    1813
     170    1834
     171    1855
     172    1877
     173    1898
     174    1920
     175    1942
     176    1964
     177    1986
     178    2008
     179    2030
     180    2052
     181    2075
     182    2097
     183    2120
     184    2143
     185    2166
     186    2189
     187    2213
     188    2236
     189    2260
     190    2283
     191    2307
     192    2331
     193    2355
     194    2379
     195    2403
     196    2428
     197    2452
     198    2477
     199    2501
     200    2526
     201    2551
     202    2576
     203    2602
     204    2627
     205    2652
     206    2678
     207    2704
     208    2730
     209    2756
     210    2782
     211    2808
     212    2834
     213    2861
     214    2887
     215    2914
     216    2941
     217    2968
     218    2995
     219    3022
     220    3050
     221    3077
     222    3105
     223    3133
     224    3161
     225    3189
     226    3217
     227    3245
     228    3273
     229    3302
     230    3330
     231    3359
     232    3388
     233    3417
     234    3446
     235    3475
     236    3505
     237    3534
     238    3564
     239    3594
     240    3624
     241    3654
     242    3684
     243    3714
     244    3744
     245    3775
     246    3805
     247    3836
     248    3867
     249    3898
     250    3929
     251    3960
     252    3991
     253    4023
     254    4055
     255    4083
