       0       0
       1       1
       2       2
       3       3
       4       4
       5       5
       6       7
       7       8
       8      10
       9      11
      10      13
      11      15
      12      16
      13      18
      14      20
      15      22
      16      25
      17      27
      18      29
      19      32
      20      34
      21      37
      22      40
      23      43
      24      46
      25      49
      26      52
      27      56
      28      60
      29      63
      30      67
      31      71
      32      75
      33      79
      34      83
      35      88
      36      92
      37      97
      38     101
      39     106
      40     111
      41     116
      42     121
      43     127
      44     132
      45     138
      46     144
      47     150
      48     156
      49     162
      50     168
      51     174
      52     181
      53     187
      54     194
      55     200
      56     207
      57     214
      58     222
      59     229
      60     237
      61     244
      62     252
      63     260
      64     268
      65     276
      66     284
      67     292
      68     301
      69     309
      70     318
      71     326
      72     335
      73     344
      74     354
      75     363
      76     372
      77     382
      78     392
      79     402
      80     412
      81     422
      82     432
      83     442
      84     452
      85     463
      86     473
      87     484
      88     495
      89     506
      90     517
      91     529
      92     540
      93     552
      94     563
      95     575
      96     587
      97     599
      98     611
      99     624
     100     636
     101     648
     102     661
     103     674
     104     687
     105     700
     106     713
     107     726
     108     740
     109     753
     110     767
     111     781
     112     795
     113     809
     114     823
     115     837
     116     851
     117     866
     118     880
     119     895
     120     910
     121     925
     122     940
     123     956
     124     971
     125     987
     126    1002
     127    1018
     128    1034
     129    1050
     130    1066
     131    1082
     132    1099
     133    1115
     134    1132
     135    1149
     136    1165
     137    1182
     138    1200
     139    1217
     140    1234
     141    1252
     142    1270
     143    1288
     144    1306
     145    1324
     146    1342
     147    1360
     148    1378
     149    1397
     150    1415
     151    1434
     152    1453
     153    1472
     154    1491
     155    1510
     156    1530
     157    1549
     158    1569
     159    1589
     160    1609
     161    1629
     162    1649
     163    1669
     164    1689
     165    1710
     166    1730
     167    1751
     168    1772
     169    1793
     170    1814
     171    1835
     172    1857
     173    1878
     174    1900
     175    1922
     176    1944
     177    1966
     178    1988
     179    2010
     180    2032
     181    2055
     182    2077
     183    2100
     184    2123
     185    2146
     186    2169
     187    2193
     188    2216
     189    2240
     190    2263
     191    2287
     192    2311
     193    2335
     194    2359
     195    2383
     196    2408
     197    2432
     198    2457
     199    2481
     200    2506
     201    2531
     202    2556
     203    2582
     204    2607
     205    2632
     206    2658
     207    2684
     208    2710
     209    2736
     210    2762
     211    2788
     212    2814
     213    2841
     214    2867
     215    2894
     216    2921
     217    2948
     218    2975
     219    3002
     220    3030
     221    3057
     222    3085
     223    3113
     224    3141
     225    3169
     226    3197
     227    3225
     228    3253
     229    3282
     230    3310
     231    3339
     232    3368
     233    3397
     234    3426
     235    3455
     236    3485
     237    3514
     238    3544
     239    3574
     240    3604
     241    3634
     242    3664
     243    3694
     244    3724
     245    3755
     246    3785
     247    3816
     248    3847
     249    3878
     250    3909
     251    3940
     252    3971
     253    4003
     254    4035
     255    4095
