    0       0
    1       0
    2       0
    3       0
    4       0
    5       1
    6       1
    7       2
    8       2
    9       3
   10       3
   11       4
   12       5
   13       6
   14       7
   15       8
   16       9
   17      11
   18      12
   19      14
   20      15
   21      17
   22      19
   23      21
   24      23
   25      25
   26      27
   27      29
   28      32
   29      34
   30      37
   31      40
   32      43
   33      46
   34      49
   35      52
   36      55
   37      59
   38      62
   39      66
   40      70
   41      73
   42      77
   43      82
   44      86
   45      90
   46      95
   47      99
   48     104
   49     109
   50     114
   51     119
   52     124
   53     129
   54     135
   55     140
   56     146
   57     152
   58     158
   59     164
   60     170
   61     176
   62     182
   63     189
   64     196
   65     202
   66     209
   67     216
   68     224
   69     231
   70     238
   71     246
   72     254
   73     261
   74     269
   75     277
   76     286
   77     294
   78     302
   79     311
   80     320
   81     328
   82     337
   83     347
   84     356
   85     365
   86     375
   87     384
   88     394
   89     404
   90     414
   91     424
   92     435
   93     445
   94     456
   95     467
   96     477
   97     488
   98     500
   99     511
  100     522
  101     534
  102     545
  103     557
  104     569
  105     581
  106     594
  107     606
  108     619
  109     631
  110     644
  111     657
  112     670
  113     683
  114     697
  115     710
  116     724
  117     738
  118     752
  119     766
  120     780
  121     794
  122     809
  123     823
  124     838
  125     853
  126     868
  127     884
  128     899
  129     914
  130     930
  131     946
  132     962
  133     978
  134     994
  135    1011
  136    1027
  137    1044
  138    1061
  139    1078
  140    1095
  141    1112
  142    1130
  143    1147
  144    1165
  145    1183
  146    1201
  147    1219
  148    1237
  149    1256
  150    1274
  151    1293
  152    1312
  153    1331
  154    1350
  155    1370
  156    1389
  157    1409
  158    1429
  159    1449
  160    1469
  161    1489
  162    1509
  163    1530
  164    1551
  165    1572
  166    1593
  167    1614
  168    1635
  169    1657
  170    1678
  171    1700
  172    1722
  173    1744
  174    1766
  175    1789
  176    1811
  177    1834
  178    1857
  179    1880
  180    1903
  181    1926
  182    1950
  183    1974
  184    1997
  185    2021
  186    2045
  187    2070
  188    2094
  189    2119
  190    2144
  191    2168
  192    2193
  193    2219
  194    2244
  195    2270
  196    2295
  197    2321
  198    2347
  199    2373
  200    2400
  201    2426
  202    2453
  203    2479
  204    2506
  205    2534
  206    2561
  207    2588
  208    2616
  209    2644
  210    2671
  211    2700
  212    2728
  213    2756
  214    2785
  215    2813
  216    2842
  217    2871
  218    2900
  219    2930
  220    2959
  221    2989
  222    3019
  223    3049
  224    3079
  225    3109
  226    3140
  227    3170
  228    3201
  229    3232
  230    3263
  231    3295
  232    3326
  233    3358
  234    3390
  235    3421
  236    3454
  237    3486
  238    3518
  239    3551
  240    3584
  241    3617
  242    3650
  243    3683
  244    3716
  245    3750
  246    3784
  247    3818
  248    3852
  249    3886
  250    3920
  251    3955
  252    3990
  253    4025
  254    4060
  255    4095